price_per_night,timestamp
 115,2019-04-22 06:20:01.466140
